position: 
  x: 0.7596588641985188
  y: 0.28027968543305715
  z: 0.0
orientation: 
  x: 0.0
  y: 0.0
  z: 0.03638312997333059
  w: 0.9993379147482315