image_width: 640
image_height: 480
camera_name: camera
camera_matrix:
  rows: 3
  cols: 3
  data: [478.4776739463906, 0, 320.6265430856733, 0, 478.5379644070835, 236.5585591635488, 0, 0, 1]
distortion_model: plumb_bob
distortion_coefficients:
  rows: 1
  cols: 5
  data: [0.001279321472281934, -0.07458103910985875, -0.0001558946800561973, 0.0008759445887280315, 0]
rectification_matrix:
  rows: 3
  cols: 3
  data: [1, 0, 0, 0, 1, 0, 0, 0, 1]
projection_matrix:
  rows: 3
  cols: 4
  data: [470.4196166992188, 0, 320.7860737930059, 0, 0, 475.3921508789062, 235.9427122349643, 0, 0, 0, 1, 0]