position: 
  x: 0.594303246083662
  y: 0.036686811978805176
  z: 0.0
orientation: 
  x: 0.0
  y: 0.0
  z: 0.1759073108724914
  w: 0.9844067340188245