position: 
  x: 0.025587971538255518
  y: -0.03298884552431076
  z: 0.0
orientation: 
  x: 0.0
  y: 0.0
  z: 0.049876577668936425
  w: 0.9987553889717115