position: 
  x: 0.5885292954803909
  y: 0.034000984634541404
  z: 0.0
orientation: 
  x: 0.0
  y: 0.0
  z: 0.17784413331376953
  w: 0.9840586691076271