position: 
  x: 0.5862853767044872
  y: 0.034528316837542684
  z: 0.0
orientation: 
  x: 0.0
  y: 0.0
  z: 0.17585316637697745
  w: 0.9844164077641083