position: 
  x: -0.7075951535707659
  y: 0.25424106511686084
  z: 0.0
orientation: 
  x: 0.0
  y: 0.0
  z: 0.5977218415717845
  w: 0.8017035612419559