position: 
  x: 0.028795214455417474
  y: -0.025232317849285552
  z: 0.0
orientation: 
  x: 0.0
  y: 0.0
  z: 0.04675238825380541
  w: 0.9989065092352565