position: 
  x: 0.02494362757012003
  y: -0.0018423548351295359
  z: 0.0
orientation: 
  x: 0.0
  y: 0.0
  z: 0.015020652637303913
  w: 0.9998871836334084