position: 
  x: 0.12654946867766978
  y: -0.11176527850816437
  z: 0.0
orientation: 
  x: 0.0
  y: 0.0
  z: -0.12283379340975435
  w: 0.9924272563752821