position: 
  x: 0.7383042698585195
  y: 0.0655230986181417
  z: 0.0
orientation: 
  x: 0.0
  y: 0.0
  z: 0.21794188405179427
  w: 0.9759617488282798