position: 
  x: 0.028115781072224035
  y: -0.0007115745033712755
  z: 0.0
orientation: 
  x: 0.0
  y: 0.0
  z: 0.01767934288776702
  w: 0.9998437082039656