position: 
  x: -0.046434416894758926
  y: -0.32032414835759515
  z: 0.0
orientation: 
  x: 0.0
  y: 0.0
  z: 0.9105204502747979
  w: 0.4134640366844247