position: 
  x: 0.7180733540452024
  y: 0.06050256946344416
  z: 0.0
orientation: 
  x: 0.0
  y: 0.0
  z: 0.20559839413396408
  w: 0.9786364495202164