position: 
  x: 1.2515016237973544
  y: 0.35376684598091707
  z: 0.0
orientation: 
  x: 0.0
  y: 0.0
  z: 0.40201812091544387
  w: 0.9156317111457071