position: 
  x: -0.05696271935670508
  y: -0.307911370661429
  z: 0.0
orientation: 
  x: 0.0
  y: 0.0
  z: 0.7554724251198051
  w: 0.6551804445216604