position: 
  x: 0.7174927991831428
  y: 0.061298654430930424
  z: 0.0
orientation: 
  x: 0.0
  y: 0.0
  z: 0.20861332289897702
  w: 0.9779982011788402