position: 
  x: 0.7184360078208762
  y: 0.06236308278155184
  z: 0.0
orientation: 
  x: 0.0
  y: 0.0
  z: 0.20962244121928408
  w: 0.9777824053117686