position: 
  x: -0.5825563193972957
  y: 0.12491113922141017
  z: 0.0
orientation: 
  x: 0.0
  y: 0.0
  z: -0.815993504881897
  w: 0.5780610694300019