position: 
  x: 0.03186382657080508
  y: -0.029159406860989723
  z: 0.0
orientation: 
  x: 0.0
  y: 0.0
  z: 0.04218216602331142
  w: 0.999109936328121