position: 
  x: 0.019616168615631174
  y: -0.001186233173506503
  z: 0.0
orientation: 
  x: 0.0
  y: 0.0
  z: 0.004821666619962916
  w: 0.9999883756979407