position: 
  x: 0.0269995730599333
  y: -0.025454921023779425
  z: 0.0
orientation: 
  x: 0.0
  y: 0.0
  z: 0.04913036252164909
  w: 0.9987923745596435