position: 
  x: 0.006057135171248394
  y: 0.006483979729663376
  z: 0.0
orientation: 
  x: 0.0
  y: 0.0
  z: 0.013036882555744877
  w: 0.9999150162354937