position: 
  x: 1.2657604685055457
  y: 0.3684346232569808
  z: 0.0
orientation: 
  x: 0.0
  y: 0.0
  z: 0.4153634651319264
  w: 0.9096555347127829