position: 
  x: -0.024158085485086845
  y: 0.0031571779794665853
  z: 0.0
orientation: 
  x: 0.0
  y: 0.0
  z: -0.020130618010276984
  w: 0.9997973585774891