position: 
  x: 0.021177320994978266
  y: -0.0014783080592018205
  z: 0.0
orientation: 
  x: 0.0
  y: 0.0
  z: 0.002961798388056441
  w: 0.9999956138655351