position: 
  x: 0.02630291071474352
  y: -0.030774311261829636
  z: 0.0
orientation: 
  x: 0.0
  y: 0.0
  z: 0.0415003450517755
  w: 0.99913848958019