position: 
  x: 0.0054815710741533685
  y: -0.004185912313964992
  z: 0.0
orientation: 
  x: 0.0
  y: 0.0
  z: -0.012395751631915579
  w: 0.999923169719294