position: 
  x: -0.026809327983236278
  y: 0.004207795097632428
  z: 0.0
orientation: 
  x: 0.0
  y: 0.0
  z: -0.022434270185171294
  w: 0.9997483200892406