position: 
  x: -0.598866725141573
  y: 0.2887038166565221
  z: 0.0
orientation: 
  x: 0.0
  y: 0.0
  z: -0.3771885728570095
  w: 0.9261364804963103