position: 
  x: 0.7349183427531208
  y: 0.06603660504881614
  z: 0.0
orientation: 
  x: 0.0
  y: 0.0
  z: 0.21220836317529543
  w: 0.9772244422846074