position: 
  x: 0.5872459551938214
  y: 0.03348977186170985
  z: 0.0
orientation: 
  x: 0.0
  y: 0.0
  z: 0.17504184509186624
  w: 0.9845609947925192