position: 
  x: -0.06586959422547001
  y: 0.03297472731669175
  z: 0.0
orientation: 
  x: 0.0
  y: 0.0
  z: -0.07378929841644968
  w: 0.9972738537830058