position: 
  x: 0.01110162091338296
  y: 0.008167103167346874
  z: 0.0
orientation: 
  x: 0.0
  y: 0.0
  z: 0.034394754097246585
  w: 0.9994083254058823