position: 
  x: 0.7321460178270698
  y: 0.06718608537402877
  z: 0.0
orientation: 
  x: 0.0
  y: 0.0
  z: 0.21175287750392022
  w: 0.9773232417520877