position: 
  x: 0.018632731301562958
  y: -0.000696907532178212
  z: 0.0
orientation: 
  x: 0.0
  y: 0.0
  z: -0.0002789736863826816
  w: 0.9999999610868404