position: 
  x: 1.2645128727237347
  y: 0.36472478984439455
  z: 0.0
orientation: 
  x: 0.0
  y: 0.0
  z: 0.4058092363500232
  w: 0.9139578019214076