position: 
  x: 0.7173426374618572
  y: 0.060771268108674496
  z: 0.0
orientation: 
  x: 0.0
  y: 0.0
  z: 0.20739050200844847
  w: 0.978258237724929