position: 
  x: 0.012961186874550694
  y: -0.2707598319547408
  z: 0.0
orientation: 
  x: 0.0
  y: 0.0
  z: 0.8940545868403021
  w: 0.44795802900474585