position: 
  x: 1.2476514482182022
  y: 0.3479521662130027
  z: 0.0
orientation: 
  x: 0.0
  y: 0.0
  z: 0.40406715833729595
  w: 0.9147293214679535