position: 
  x: 0.02083735355519256
  y: -0.0029190947547292363
  z: 0.0
orientation: 
  x: 0.0
  y: 0.0
  z: 0.00033961590890783174
  w: 0.9999999423305156