position: 
  x: 0.029737898503607783
  y: -0.03128586148131709
  z: 0.0
orientation: 
  x: 0.0
  y: 0.0
  z: 0.0438436014158871
  w: 0.9990384069768713