position: 
  x: -0.057370758368648515
  y: -0.30184323602353724
  z: 0.0
orientation: 
  x: 0.0
  y: 0.0
  z: 0.7550112538067235
  w: 0.6557118320003074