position: 
  x: -0.5667402306211238
  y: 0.0737020986628868
  z: 0.0
orientation: 
  x: 0.0
  y: 0.0
  z: -0.9925592942119671
  w: 0.12176225800075198