position: 
  x: -0.07524034032175893
  y: -0.23120741623037772
  z: 0.0
orientation: 
  x: 0.0
  y: 0.0
  z: -0.5488814017086774
  w: 0.8359002373838146