position: 
  x: 0.010444613581931087
  y: 0.005768232076640914
  z: 0.0
orientation: 
  x: 0.0
  y: 0.0
  z: 0.027343227192667803
  w: 0.9996261040642597