position: 
  x: 0.03740168277107629
  y: 0.003332856608506694
  z: 0.0
orientation: 
  x: 0.0
  y: 0.0
  z: 0.02471415346489858
  w: 0.9996945586620513