position: 
  x: -0.5485386436862154
  y: 0.13293642836462052
  z: 0.0
orientation: 
  x: 0.0
  y: 0.0
  z: -0.7742945269069464
  w: 0.6328253989861247