position: 
  x: 0.7153051706109775
  y: 0.06085949681661464
  z: 0.0
orientation: 
  x: 0.0
  y: 0.0
  z: 0.20632197908966635
  w: 0.9784841546721762