position: 
  x: 0.016536515796391735
  y: -0.000639279490114782
  z: 0.0
orientation: 
  x: 0.0
  y: 0.0
  z: 0.004179023658737765
  w: 0.9999912678425046