position: 
  x: 0.5835632079076997
  y: 0.034303017907425196
  z: 0.0
orientation: 
  x: 0.0
  y: 0.0
  z: 0.17265921355082708
  w: 0.9849816221514034