position: 
  x: 0.010177888094383882
  y: 0.0028914711777904213
  z: 0.0
orientation: 
  x: 0.0
  y: 0.0
  z: -0.013673743978106957
  w: 0.9999065099926199