position: 
  x: 0.0015097015197507663
  y: 0.007459930249437208
  z: 0.0
orientation: 
  x: 0.0
  y: 0.0
  z: 0.012672862820188244
  w: 0.9999196960496082