position: 
  x: 0.005001300966445409
  y: 0.004923825236534181
  z: 0.0
orientation: 
  x: 0.0
  y: 0.0
  z: 0.026598060632552163
  w: 0.9996462090012581