position: 
  x: 0.0027122056274708865
  y: 0.007266668823879118
  z: 0.0
orientation: 
  x: 0.0
  y: 0.0
  z: 0.011472732172599451
  w: 0.9999341860425094