position: 
  x: 0.007770756258727873
  y: -0.003598795288303175
  z: 0.0
orientation: 
  x: 0.0
  y: 0.0
  z: -0.014989909182655092
  w: 0.9998876449995248