position: 
  x: 0.0032322748220774632
  y: 0.005911026523443867
  z: 0.0
orientation: 
  x: 0.0
  y: 0.0
  z: 0.013354254077169636
  w: 0.999910827973196