position: 
  x: 1.2484689808720437
  y: 0.34532870537464144
  z: 0.0
orientation: 
  x: 0.0
  y: 0.0
  z: 0.4040590753645391
  w: 0.9147328919501877