position: 
  x: 0.719322157317751
  y: 0.06145832333575287
  z: 0.0
orientation: 
  x: 0.0
  y: 0.0
  z: 0.20577799046811468
  w: 0.9785987015313808