position: 
  x: 0.6966524520182678
  y: 0.056324097054490235
  z: 0.0
orientation: 
  x: 0.0
  y: 0.0
  z: 0.2024735886015178
  w: 0.9792877237660153