position: 
  x: 0.02618671673428252
  y: -0.1815940879325501
  z: 0.0
orientation: 
  x: 0.0
  y: 0.0
  z: 0.8064734173345373
  w: 0.5912703502905868