position: 
  x: 1.260744515030408
  y: 0.3623376939799025
  z: 0.0
orientation: 
  x: 0.0
  y: 0.0
  z: 0.40320668178250685
  w: 0.9151089398350014