position: 
  x: -0.04103742670235348
  y: -0.27936569963314156
  z: 0.0
orientation: 
  x: 0.0
  y: 0.0
  z: -0.9021128011858807
  w: 0.43150028266104734