position: 
  x: 1.2553731161358042
  y: 0.35964724446646756
  z: 0.0
orientation: 
  x: 0.0
  y: 0.0
  z: 0.4032840542168031
  w: 0.9150748448156897