position: 
  x: 0.013646745462699218
  y: -0.007445036347322498
  z: 0.0
orientation: 
  x: 0.0
  y: 0.0
  z: -0.01596271098817265
  w: 0.9998725878120213