position: 
  x: 0.007872386088769737
  y: -0.0019165735916448373
  z: 0.0
orientation: 
  x: 0.0
  y: 0.0
  z: -0.009107834696352738
  w: 0.9999585228133935