position: 
  x: 0.0019052534017882546
  y: 0.6607537387576982
  z: 0.0
orientation: 
  x: 0.0
  y: 0.0
  z: 0.3698074266453524
  w: 0.9291084259643447