position: 
  x: 0.6079318300321269
  y: 0.03815457494022529
  z: 0.0
orientation: 
  x: 0.0
  y: 0.0
  z: 0.17953937306822568
  w: 0.9837507883190074