position: 
  x: 0.021078290017422934
  y: -0.015349556299681478
  z: 0.0
orientation: 
  x: 0.0
  y: 0.0
  z: -0.011611796275114513
  w: 0.9999325808209598