position: 
  x: 0.0783369441697084
  y: -0.27437215466346737
  z: 0.0
orientation: 
  x: 0.0
  y: 0.0
  z: 0.7224746861065424
  w: 0.6913973733933714