position: 
  x: -0.00024915253084959913
  y: 0.0027165619722841717
  z: 0.0
orientation: 
  x: 0.0
  y: 0.0
  z: 0.0036971813123094248
  w: 0.999993165401816