position: 
  x: 0.5876853281712306
  y: 0.03363272054551817
  z: 0.0
orientation: 
  x: 0.0
  y: 0.0
  z: 0.17460266040139283
  w: 0.9846389749450078