position: 
  x: 0.7325941253650196
  y: 0.0669237092078792
  z: 0.0
orientation: 
  x: 0.0
  y: 0.0
  z: 0.21332098400217706
  w: 0.976982168611251