position: 
  x: 1.244731360480457
  y: 0.3459489760038713
  z: 0.0
orientation: 
  x: 0.0
  y: 0.0
  z: 0.4037035844115534
  w: 0.9148898381407806