position: 
  x: -0.06266708112396137
  y: -0.24595008947909233
  z: 0.0
orientation: 
  x: 0.0
  y: 0.0
  z: -0.6607319076796404
  w: 0.7506219728825043