position: 
  x: 0.01569593453849377
  y: -0.0016140047109536506
  z: 0.0
orientation: 
  x: 0.0
  y: 0.0
  z: -0.0017646542264658537
  w: 0.9999984429965184