position: 
  x: 0.016005367279544613
  y: -0.0026137301624302328
  z: 0.0
orientation: 
  x: 0.0
  y: 0.0
  z: -0.0009883454032031014
  w: 0.9999995115865628