position: 
  x: 0.6118180556015331
  y: 0.03717003955286764
  z: 0.0
orientation: 
  x: 0.0
  y: 0.0
  z: 0.18986183066694046
  w: 0.9818108194839767