position: 
  x: 0.17902163299730228
  y: -0.044408319581762966
  z: 0.0
orientation: 
  x: 0.0
  y: 0.0
  z: 0.5420129434234159
  w: 0.8403701381900031