position: 
  x: 0.03197101296425117
  y: 0.0001785049933985903
  z: 0.0
orientation: 
  x: 0.0
  y: 0.0
  z: 0.019143934914915516
  w: 0.9998167380855221