position: 
  x: 0.06584973070444061
  y: -0.007400256594787694
  z: 0.0
orientation: 
  x: 0.0
  y: 0.0
  z: 0.014463731094166559
  w: 0.9998953947702908