position: 
  x: 0.7421513918787446
  y: 0.06662617105748256
  z: 0.0
orientation: 
  x: 0.0
  y: 0.0
  z: 0.21882413776707782
  w: 0.975764314130464