position: 
  x: 0.010013332754711808
  y: 0.0031237731492125406
  z: 0.0
orientation: 
  x: 0.0
  y: 0.0
  z: -0.011867743418712216
  w: 0.9999295758532936