position: 
  x: 0.03881745042720921
  y: 0.0035118571641917997
  z: 0.0
orientation: 
  x: 0.0
  y: 0.0
  z: 0.024306680033960727
  w: 0.9997045490072187